$ANSIBLE_VAULT;1.1;AES256
39643131373137396261636163376332643061643631633338616336613736366466346534306661
3965653734323661363263373834353836336633613830300a383064346461353964393037346263
33336662653834386130316332326230666334356536306466343337613464343963653163376234
3334616534306436340a633966313734653736623536306430363561366461636135623261396231
66353966333163303334303635376335666339333363633538386365663662656136396133316631
65333362383339326434626135633266326335616265363836303734376432383737643138343034
30346362353864333330666464376463323835373764366334343232646261613262306163633365
32343263323964633131666363373237323738653336636462303363353437383638623062666134
33333530336237343333303434393932633036653362623433633536313633343332313666363339
31373366616232663566393461316631346235663865373230336132623361376635636338616265
64376265623836343636396635623739653035396463623432663330386236653735646632373133
32353935623434376133383563336661366463346238666264333132356533333163386331656637
31333262656239353166653538343138653337626639323834346438356565346630633739346465
32656166663361383931316434333364343533396164356532393165363533616231336438613262
37303064373737366437326533373138356665316432386165663033313737316637666230303632
34363230353736363366633233336466343133316265383431373637303531396331386663616136
36353035623136613937633865613634656330383635366637353137643632393534303765646161
32313732613731656434666230636266313836653439616465663163616432623830363037636163
38653232626537643432306461306162393463336135316136336134656461333733336536346530
33346431626262393033646537383838333238313533633438343161666264646230333538386466
35623034636430623639626534616636336262653034616363336232373633386236616438386633
34656161646132333935616230376334633535623961333432336462323238353661326437373861
64383166313562346464633634333735343135613364656564646535333833336364326461316665
61313765323536633964363931366430623338316566623765326265336266353462366633356135
39633266343462366533316662316235666661663766343134623930623337636333393237316364
39346433336635633463313738636634383839326166333732366534633134623437316435643764
31333239326339396230643736316166373130663562373664363631626164346162626437623865
31646439353030306430626662363965396466353536336462306263373335613266663062386266
65343863656435656365633930393335383131353135383131363037633034656336633066373731
32666661653261663064363232353337636661356437343763643133356537396363316662633333
64363863346139393235613361343464363061316135633662613732343361613365313530626663
31636231383530356131336264653962653965666636616633356131323739633230666635623738
38396437376431383364643133613530383764333564366166383132383862663230356234323637
62343030613639323032303262376130353663376132363639663636613036653666376638666535
63373230663861346135366439336535323966666330653733653163393636633839663230313437
37323030653362636265353739646165303639333534386665326635373863623136393566343762
64383535646361626138373531633361346233643038333436626262626662346439343138316332
36643234353932333935623533643933373063346361613438663730656161636537353535656538
34616137353565313632323931613737343066636230646630343536356262643931663332356234
61306631613533623561373030313535646331653764383537376462393334653334373332393733
36363731336137656435363865663062623233363562363061343265633333653932353632323761
38373930616166326533323066623064626663336362386532666461373031643931363262633330
61623637313431366464646234366362303965386264633936303631313637353634303365373336
64336239303236316239303832633034356465383039386161363439343934666565333333613237
37383538343839333637393535313938343063363031316335643730646433643534396234623762
35636633333836356661323131623561613738663264633236343536363738396139353866343534
64643861653764633830376265613064316138306632333337303931356161396433633836313432
64366439346535356236626138613331373161323865653530376466356434346635663830613438
64306661633639396366386131396365323134623638663436306262316134346336383832623433
66346334373361383133646633616561376465313731623866656362613837623161396466323630
36633663366632326130613763353937333065303634623666653865613736623562666438383532
66313531313366613232323338316339646462383137663861633365383331666336623231656165
32613636353761666662393834633364626430386565643235396235393832343531323266633464
37343362376461313738323138666237613135613136656130346564326261393732653637366163
35323664613635353561396230613365363236613835393834303161386566396165396539376130
30653362356134643462356161623339306263643164643930363136343231323433626231383661
66663564353062626664343563633330343430323336383639336165313931306365346531343431
33373063616264633938663165626532663664633535363534623135303464633535636365353734
36623062323932376330323531393733633230333461363735323731366135393938643635616231
36376435363362346166663632303835393562343464653966333334393934616137613331353161
35366631356166323630636462343230653339613564633661336239313137633537313566383032
38393433393631633733643735333838643032386639363566653564633161383230643532316464
61313563613530623236363166643636663433616661623463623731373339363338623862316630
36363838323931323335386535646361663461653132373539336462313834356530656635633666
32376439353966636463316364336239623233316662316166666162646363396637656633346564
32336430313665373134393430326634383162616335333161333535353632383634313237353937
34393465313434323237323838353132333037313133653936653132373165353165646164353563
34353266623430626165313166356139646634393761383334333166383933633637623630653233
36363066356230363161626232623338383933613262666639353363323032633966663336323633
38316638633433326531363837636235336437353434653834373832353837376361386237353664
64613262383135633331623538383336643634353562636335393231616664663735353162646536
64393865663363653038646631356330663630643430613732376466363936646238333664643136
34653234356331326461636533616137396231343164626164643637363635333065316132306561
38616636383239623834303061323030626630653964653331633931393764343434366231386366
30653534666131663261363835356231633466363235616262333237663535613165393334636339
37646530363064303863353761646266363938323563373230656262643230323435383939306538
62313235306262323032313736393236393039363835343332633262633538653832646465643766
61313137323564646131653835396437306532343861633963643566653535623334316437666466
31616666623039323062396436633061666666303332323231383234323939626335343062623464
62653838633837646330633161376136643331356537626435383937323938353934626138373637
37663732663431303462636332636235386439666465346535613233623433313666343162363464
62663337373937306432303437636364613933306634616365643065626335623863313265376266
38613364353736333138316537336238666135653437383831663037326434323238616534353263
62363464646164666133633633636666363839663632396266396136323739333363343831323063
31653637633731656130653532393132373338656339306234386438333665643431363438386366
63613537383334363535636337316563353631663030633966333836613538383466386162356465
35376464353831653261646463323936343833363531633532613661316534666636636166656661
32656434383631343639663766343231636562643063383465323865323133336332616136326131
39363330383038626437343265303337383035616532656434313366376538376261646364633364
30356263353434306330383935653639383736336330666261613035306537356438396265636530
36383365373132313332626461646266383031366336383738306634313731653164336133633536
39626562363532373933363733666535636430623931633930316139616535663038653865396435
38396339326633396430613830656230323433383137353662643233383466623031356436323530
38626565633739633235613031643966636262343034333238613466656630306164306466666431
35353661313665363736326531386634643262383333343161643538663032636137303332373731
38336236373665343764323231643563346536353064336430613864346563363763613334306264
39353963646535366339323237376331376430613564616630653761343565383338666261613833
36306239633864363237363035353361396664663536643335323930366138633462386230316231
36386637313665396531353765666461383739613062663164386161393861316432373030623061
39626534333634376434383433656638326261363130306637363533326464383636666633613866
33306339333837313532346334386239616335643633613763333162386432363233323039663262
61626666303861393339633537623162323437616139336161666162653733313464373036626265
36343435336139353833646437373736366161633031346435333366343431313237333136633732
65383263303436336163336166303863386639386662373637333530383039353035313634393634
32663636626639363861343631343263313235643036336231313566306238346336366463396262
31633161323237633236346361383833636539333664623964656331313866663330336632303366
34643538613531613932373361363964653631303331383732393261326263336136623039616431
66663234636539613536393738343765626632613238376237346634323035656235353738653234
66383234386666383436306331323365643564623330623433306266333639623931313761343964
34633463663435376136393135373663636430333963613731306461626634383434616665356235
62366531326666376166386665306333343935633534343032323063653362313937666633303165
62383035623461643561633132383962366363333363636365373932613266383132653936323665
62353136393731663066386133303235396161393233383136326436626566376235343531336362
62346166323464663730323836633338313961313665336539653762353665643666323433666636
32373137316664633536303830663938303565303131633761306537613237356532613362373238
31386631653466323635303231363964653634343362393539633165663066353032303438396137
36356363346266396461653166356261643639346331656361303164343931333432666632633761
64636133636564356366363838393532393134343739366136646331313363643237663330663366
38333831313130626266396465326334333466326165333463363262393766343735346335643862
34326132306136386631323065366335383435626634653664306339636637396232343865326636
33303763336664346265613937643865353436663166313632346465666337666632396237643535
39356663616465636534396239373332376439643032383139613231623961313365303837303833
34366437393964333363643461393163343535333831373863346263666534383762626564396535
33613539316637393065636363336535616661366138666161626364316436626338613866653164
36666232633731623834633863303863303439633961613062313661353363333461393432633565
34633732663838303764663133336433633863613663636365643833376332346436333235353933
65356634616266353733633438316166376665666665643036623330343633323139373437383439
35366236653935666465623564353962633036383934666433653230343334643339356333613161
35636432346634663131633532366135343066303038623861303838653163393137396331613335
65623531303933656232383136313437663235643261656336343138616330343538646331356265
30383133313034633164666362623837646231656338356561393831303430643336633335316535
62376164323539303934303361656639663634333862663139653930366630623939313966623462
32663830626137303134366136323432323263616231623533383366626462623863313066643038
31333861363532616135643734616431303233613735656262313035353833356330333662653834
39383761313439366263663564306330306438386130323039313334623435343632306134393437
38613261373264363930303437313636306434316238633562303861313237386165323938336166
35396365636339353766303863353330323736376533343539663932656234383462376638616163
65396436633461373031636136636334616238353633316462313064666635323139656333623039
61373662383661626632323838343162316366336662663336386461383933306236326138613063
34653262616162356335623565303437363763643138663861343030313835326330383462643133
30663136653236383662323436343738623566366263633532616132636631333330313666306663
65373535333132303030323366626162633066306364623966323236653632343533626536613938
32303761626664633536353139323638343639626437303039636638333038336532386561303732
37363861616334343337633231396561303265613862333735363131393633373135646661656230
62666539373532313630343637656238396136386164656639653565356363386234613533633237
38313430313139383131353938653634623538306533333264323131643036663134626637396665
30346261383030363130623564343237613939303532623432393436353365333766326163356466
31333332623838323761386139633033356331646638336665366432383535613431636665623437
33373332646331386132326333373631326236333165393633303364393934386137333561393336
35353034376434353637323961663863323335633363313262373763393862373434303430666366
65663564666132366438643431643463633765323030393135346236393131323764343166613863
61663063613562623639653335653166356634646539316330396665646331306532326430386237
33386131366566353138353437386664663264326235626539623730316361373538363464326362
63316330626265393638633934313665323035303138326537613965303764323235313763313336
32346436626637643031663030646434353464353937386665356337323431323561383930323131
30666335323232303339646533343834393936373936323737306239316161323032363035376163
63653638323564656339636539333562636261396638366237643138616131393461653537323634
35343732633139306633373534333939653231313130333162346336353164643638656363633731
32343834346537333630656436366233663234653366396662353832343832356437613437366332
39366334393739373463303961343135653033663163343833366664633130366263366636396364
63366566636334663830393131393134623861336361373833666139343135633533393164313330
65353766393637626364313935356634396265386665313536646165323235323363393039663665
32653533306430626363376563623835323063313434376665613766666164356139326334366565
61306532643132633935346634613065643733326534663763393638363762656536316238326264
38373561373637346464393939643866616433303465306464613237393665666632386533346333
39373930623838613435366365666238366232316237666432313034376431323366373932323839
37613531393463393438336234373235636133306438613130313732373035633435373236636566
35353634346238643861323439626164633530626166363935363465346464633032613565623432
38636665666533623833633937663061376634663730343730656637303833346232343632316634
34656131353437626130343266653863363133363564376337636162663736653933383839336530
38376537313366373338363832316333393532353234313163353830393163363233646335346565
64613665383661353762326238333131376563646263323638653134353533363833336137383066
31366366316132393061343264646631323932343363396234366166356438333134636633313130
36666239353663326163623965386632326230363535643465313034393366666364623634643061
31633634636364343536396132333638616433376366663638353936363762613835636462336635
33636437366264373538383639323038386366303637326534623766303162663661363066663437
65353165646166653532663564313530643534623935643263643937393465333530306463366532
30663835343436316335383232623538323138393334653838306536313765386663396462393662
31386134626331653439343135366461336634303136396361383065366664653735376563326536
30386538393639336539343530303430373737623163333637636336396637343330646436653865
30663661653937393464376232366564663730643663363132376137346534316239303036386464
35386330636235383334363639663965323239383532303233626364326237663266303930323439
61313362663130643361353561623934383534326265323266313966636663653065646166653434
34626631656433623538636161323663643534353136313830363031616462326137636261343130
32363038653163366463353137316337343565343162613564306465613961383636653165363739
63343938636430663535333630316137353862393066336133636332613362633036303834626565
62346464633430366538356432386462636435613938353336313565326534646665353033326632
34383037323736353066323730323439363165333162666664643239323339326464396536333430
33356335303733353338363936313236323130366364323931633733353538653832
