$ANSIBLE_VAULT;1.1;AES256
61663337303636316163633836663539373665656232376536386430356230333530386334626635
6239336166303337333032353530346237326634383166310a613234616232323066386135653666
35613662646438333761363763613238633964623935656539343832346330643537333930393365
3661306261353261660a376164303665383763313132346534666332333536333030633232613363
32333731383964363062613434386365356263636135386436316135353333343365303065346131
31303039326232666663333139646130633436343336623739386366636439373365353466333162
35336538333337333330663762326430643934333930336166353135393664336465383863656163
65303437386530346333623463383461303730643161306231343030393064663262353264663666
62666531343732306265326662326364326266623938613863356338336335646234383937356665
64376365363833326330376239343265333235636235363739396539643839343666623465633039
32313139613033393237363037303366663966636566383931336333333633663034613462376330
31333435313331336333336435383430396666343864393931636633633136356136363331643034
65363661616561303431616533376635643963626161636633363632393966636337346466616234
34306234656133393033303339633338343863366264393737326231386530303039363531643838
61633861346539376139633062663665383638346263643039383766616436373261343564616365
62616135316537303032363536636163616464363832666330336430333362363836616163373535
33366264623335373130616539313935376236343535383433306163316439326663303537373864
36393031613366376433313036376466613461396638316162363931356465313536373563616466
30376330643361343064373136636335663039663531346339333430363565396233366133396534
38616537396131633236623362613738333630616130373935656361353639343032346439373830
63663434366630656165663366363962346137316364623065346339666264666665663934393239
63366138336262663339653730613738363837366337633966626633393037636266393438663265
66393239653563333031643735303132636562393533303131343263616665363037636236373366
64303331313439383837373934376333383436626531633931383436343736396337333062336434
34616337393938343361343266373333386261613933653838616664346332383230303165373762
32343862356364643131313962616163373331383530316162333764623038336262336561316533
65366664623435333233623839343437613662316139643164306639316264383730666638623334
31313635613362353135373063303136666636323961333830313832323064373736333565333864
66373739643832373837306563363034656331326662613264653633646333613637343066386366
39643737396536653061646263646535616233396635333830656634353562393931613931336666
62303139363364323063633636396266393132303739636162316232353435643733306365333539
38643762353731386161366532353136646131303062356634363830343365386338313937636135
65636565633762643035663936346264343965656166376265623030363537313436363536363338
34373063373635636666383633306633363534323636313866636638376436363833623832366366
62333135353064303437396135613435656366303062353637613465383036393939386363643836
63303161316431313864386635663735386531633362643464373631343534666336303865323564
66663638376130656532396333373965383166313234393437653961663830643065626338306162
37346435643664663932396131636635313662346532636266393836353533336230636466313635
66313962366434346533653539626565366430396362633333383732326432653764393565386634
31633366613532616236343863353036366230613033346462643032363437643164666562343866
32376463623239366630343232653630656466656264623937636138383266306232373130303438
65326265643030613333323330316633313036616164313439666632636161633032666364636364
61623433313737356337356635636265363663376630636339663739303731643532323164336631
64663430363335346266373338313139363738643462383731633337336431346166363636653139
64653131313836323433313462636436363166373862656165336331303639626461643762343432
38623935386266343032613935623438616431613538323463356233616361643437333563383364
63323765353066643433323164343666646132363938393537616538656263306435663236393737
66346237383762333438323964313239303134343638313237326439633362346366626639343861
34356138396635326237346533393962623866333031336632373566373164616462363465646231
35613238303563636336303062356130636565333930623463313462333065383439396532353864
38363963363835326362343735343031333534653438303034626561633065646335346236343761
38323264366263346631636330333132376461373863343437643931386539373566393261373165
64386635313535366235336138393166303631333766343366313266643430613539343861636335
33633130376131303336353832653562646564623731313732383662353163346336666262373139
32366262386138306262663033373564303333643538346537326534306562633038363936386464
30616239313664393533313438393062623939383465336335343837373963373332326363346233
65643734633766663830643165646539333534393162303839346134613534613866393364633562
33633538633936313430353565653461386530663964326235323636303364333966333431613363
353861306563333264323765656338616139
